%YAML:1.0
---
mtx: !!opencv-matrix
   rows: 3
   cols: 3
   dt: d
   data: [ 8.2938935018073539e+02, 0., 5.7215737434238736e+02, 0.,
       8.0208865909421172e+02, 3.6013761115226674e+02, 0., 0., 1. ]
dist: !!opencv-matrix
   rows: 1
   cols: 5
   dt: d
   data: [ 7.5522344493121618e-02, -1.5663270077445540e-01,
       -3.2303689662466399e-03, -2.7554434554681205e-03,
       1.2621782288366820e-01 ]
ret: 8.1394143668807351e-01
